Squarewave coef:
[5.20833333e-06 6.36619772e-01 5.20833333e-06 2.12206591e-01
 5.20833333e-06 1.27323954e-01 5.20833333e-06 9.09456817e-02
 5.20833333e-06 7.07355301e-02]

sqr_coef = 0, 0.636619772, 0, 0.212206591, 0, 0.127323954e, 0, 0.0909456817, 0, 0.0707355301

Triangle wave coef:
[2.89120579e-22 4.05284735e-01 1.04797242e-21 4.50316372e-02
 2.71786205e-22 1.62113894e-02 1.04036583e-21 8.27111704e-03
 3.33420110e-22 5.00351525e-03]

Saw wave coef:
[2.60416667e-06 3.18309886e-01 1.59154943e-01 1.06103295e-01
 7.95774716e-02 6.36619773e-02 5.30516477e-02 4.54728409e-02
 3.97887358e-02 3.53677652e-02]